1,8,13,10
15,14,2,12
5,9,3,4
7, ,6,11

Misplaced
Depth: 58
Average branching factor: 2.173316013477809
Expanded 10985465 nodes in 107.217 seconds (102460.1042745087 nodes per second)
10, 6, 7, 3, 2, 6, 7, 8, 12, 11, 10, 6, 5, 9, 10, 14, 15, 11, 7, 8, 4, 3, 7, 8, 12, 11, 15, 14, 13, 9, 10, 14, 15, 11, 10, 14, 15, 11, 7, 8, 4, 3, 7, 6, 10, 11, 7, 8, 12, 11, 15, 16, 12, 8, 7, 11, 15, 16

Manhattan
Depth: 84
Average branching factor: 2.0792322215229704
Expanded 31780 nodes in 0.25 seconds (127120.0 nodes per second)
15, 16, 12, 8, 4, 3, 7, 11, 10, 6, 2, 3, 7, 6, 5, 9, 10, 11, 15, 14, 13, 9, 10, 14, 15, 11, 12, 8, 7, 6, 10, 14, 15, 11, 7, 6, 10, 11, 12, 16, 15, 14, 10, 11, 12, 8, 4, 3, 7, 11, 12, 8, 7, 3, 4, 8, 12, 11, 15, 14, 10, 6, 7, 8, 12, 11, 7, 6, 10, 14, 13, 9, 10, 11, 12, 16, 15, 14, 10, 9, 13, 14, 15, 16

Raw Distance
Depth: 56
Average branching factor: 2.14144008502347
Expanded 11291 nodes in 0.343 seconds (32918.36734693877 nodes per second)
10, 6, 7, 3, 2, 6, 7, 11, 10, 6, 5, 9, 13, 14, 10, 9, 13, 14, 15, 11, 12, 8, 4, 3, 7, 6, 10, 14, 15, 11, 7, 8, 12, 11, 7, 6, 10, 11, 15, 16, 12, 8, 4, 3, 7, 11, 15, 16, 12, 8, 7, 3, 4, 8, 12, 16
