1,12,10,3,15
5,11,24,13,4
6,2,9,19,23
17,22,14,16, 
21,18,8,7,20

Manhattan with dropping node
Depth: 97
Average branching factor: 2.2761182288690796
Expanded 19703614 nodes in 221.412 seconds (88990.72317670226 nodes per second)
19, 14, 15, 20, 19, 18, 13, 14, 15, 20, 19, 18, 13, 8, 9, 14, 19, 18, 23, 24, 19, 18, 13, 8, 9, 14, 13, 8, 7, 12, 13, 8, 7, 6, 11, 12, 13, 14, 19, 18, 13, 14, 19, 18, 23, 22, 17, 18, 19, 14, 9, 4, 3, 8, 7, 2, 3, 8, 9, 4, 3, 8, 9, 10, 5, 4, 9, 8, 13, 18, 17, 16, 11, 12, 7, 8, 13, 18, 17, 12, 13, 8, 7, 12, 17, 18, 23, 24, 19, 20, 15, 10, 9, 14, 19, 20, 25
