2,3,13,4
14, ,5,11
12,1,8,15
7,9,10,6

Misplaced:
Depth: 48
Average branching factor: 2.1670424891779043
Expanded 6153614 nodes in 49.263 seconds (124913.50506465299 nodes per second)
10, 9, 13, 14, 10, 9, 5, 6, 7, 11, 12, 16, 15, 11, 12, 8, 7, 3, 2, 1, 5, 6, 7, 11, 10, 6, 7, 11, 15, 14, 10, 9, 13, 14, 15, 16, 12, 11, 15, 14, 10, 11, 15, 16, 12, 11, 15, 16

Manhattan:
Depth: 64
Average branching factor: 2.0497512437810945
Expanded 2412 nodes in 0.0010 seconds (2412000.0 nodes per second)
7, 3, 2, 1, 5, 6, 10, 9, 13, 14, 15, 16, 12, 11, 7, 8, 12, 11, 10, 14, 15, 16, 12, 11, 7, 3, 2, 6, 5, 1, 2, 3, 7, 11, 10, 9, 5, 6, 10, 14, 15, 16, 12, 11, 7, 6, 10, 14, 15, 11, 10, 9, 13, 14, 15, 11, 12, 16, 15, 14, 10, 11, 15, 16

Raw Distance:
Depth: 46
Average branching factor: 2.087108013937282
Expanded 1148 nodes in 0.016 seconds (71750.0 nodes per second)
10, 9, 5, 6, 7, 3, 2, 1, 5, 6, 7, 11, 10, 14, 13, 9, 10, 14, 15, 16, 12, 11, 15, 16, 12, 8, 7, 11, 10, 14, 13, 9, 10, 6, 7, 11, 12, 16, 15, 14, 10, 9, 13, 14, 15, 16