1,12,2,3
5, ,11,4
7,14,13,15
10,6,8,9

Misplaced:
Depth: 44
Average branching factor: 2.1709916659144928
Expanded 3988440 nodes in 28.458 seconds (140151.8026565465 nodes per second)
10, 11, 15, 16, 12, 11, 10, 14, 15, 11, 7, 6, 2, 3, 4, 8, 12, 11, 7, 6, 10, 9, 13, 14, 15, 11, 10, 9, 13, 14, 15, 11, 7, 8, 12, 11, 15, 16, 12, 8, 7, 11, 12, 16

Manhattan:
Depth: 58
Average branching factor: 2.122524358402853
Expanded 15703 nodes in 0.235 seconds (66821.27659574468 nodes per second)
2, 3, 4, 8, 12, 16, 15, 11, 7, 6, 10, 14, 15, 11, 12, 8, 7, 6, 10, 11, 12, 16, 15, 11, 7, 8, 12, 16, 15, 11, 10, 9, 13, 14, 15, 11, 7, 8, 12, 11, 10, 9, 13, 14, 15, 16, 12, 8, 7, 11, 10, 14, 13, 9, 10, 11, 12, 16

Raw Distance:
Depth: 42
Average branching factor: 2.1538137378845343
Expanded 2373 nodes in 0.0010 seconds (2373000.0 nodes per second)
2, 3, 4, 8, 7, 11, 15, 16, 12, 11, 10, 14, 15, 11, 7, 6, 10, 11, 7, 8, 12, 11, 7, 6, 10, 9, 13, 14, 15, 11, 10, 6, 7, 11, 15, 14, 10, 9, 13, 14, 15, 16