1,10,3,5,4
11,16, ,13,2
6,23,24,9,8
7,19,17,15,20
21,12,22,18,14

Manhattan with node dropping
Depth: 85
Average branching factor: 2.3271464755489433
Expanded 16317761 nodes in 177.746 seconds (91803.81555703082 nodes per second)
3, 2, 1, 6, 7, 12, 13, 18, 17, 16, 11, 12, 17, 22, 23, 24, 25, 20, 19, 14, 9, 10, 5, 4, 9, 8, 3, 4, 9, 8, 7, 12, 13, 14, 9, 10, 15, 14, 19, 18, 13, 12, 11, 6, 1, 2, 3, 4, 9, 10, 15, 20, 19, 18, 13, 12, 17, 16, 11, 12, 17, 18, 13, 8, 7, 12, 11, 6, 7, 8, 9, 14, 19, 24, 23, 18, 13, 14, 19, 24, 23, 18, 19, 20, 25
