10,12,2,15,13
19,20,17,18,11
0,9,6,23,24
5,22,8,7,16
14,4,21,1,3

Depth: 186
Average branching factor: 2.2025437908729146
Expanded 20697692 nodes in 435.411 seconds (47535.9878367795 nodes per second)
16, 17, 12, 13, 8, 7, 12, 11, 6, 7, 12, 13, 14, 19, 18, 13, 14, 9, 8, 7, 12, 17, 22, 23, 18, 19, 14, 9, 8, 13, 18, 17, 12, 13, 18, 19, 20, 15, 14, 19, 24, 25, 20, 15, 10, 9, 8, 13, 12, 11, 6, 7, 2, 3, 8, 13, 14, 19, 18, 17, 12, 13, 8, 9, 4, 5, 10, 9, 14, 13, 18, 17, 16, 21, 22, 17, 12, 11, 6, 7, 12, 11, 16, 17, 12, 11, 6, 7, 8, 3, 4, 9, 14, 15, 10, 9, 4, 3, 8, 9, 4, 3, 8, 13, 12, 11, 6, 7, 2, 3, 4, 9, 8, 13, 18, 19, 24, 23, 18, 13, 14, 19, 18, 13, 12, 11, 6, 1, 2, 7, 6, 11, 12, 17, 18, 23, 24, 19, 18, 13, 8, 9, 14, 13, 18, 17, 12, 13, 18, 17, 12, 13, 8, 9, 4, 3, 8, 7, 6, 11, 12, 13, 8, 9, 14, 13, 12, 17, 18, 19, 20, 15, 14, 9, 10, 15, 14, 13, 8, 9, 14, 15, 20, 19, 24, 25
