18,17,4,2,8
13,11,23,6,7
 ,1,3,14,15
10,5,16,12,24
21,20,9,19,22

Manhattan:
Depth: 100
Average branching factor: 2.2601045760490805
Expanded 33355630 nodes in 393.657 seconds (84732.7241735826 nodes per second)
12, 7, 2, 1, 6, 11, 12, 17, 18, 19, 14, 13, 12, 17, 18, 19, 14, 13, 18, 17, 12, 7, 2, 1, 6, 11, 16, 17, 12, 7, 8, 9, 14, 19, 24, 23, 22, 17, 12, 7, 8, 3, 4, 9, 14, 19, 24, 25, 20, 19, 14, 13, 18, 23, 24, 19, 18, 17, 12, 11, 6, 7, 2, 3, 8, 13, 12, 7, 8, 9, 10, 5, 4, 3, 8, 9, 10, 15, 20, 19, 14, 13, 12, 7, 8, 9, 14, 15, 10, 9, 14, 19, 18, 17, 22, 23, 18, 19, 24, 25