17,1,20,9,16
2,22,19,14,5
15,21, ,3,24
23,18,13,12,7
10,8,6,4,11




Depth: 164
Average branching factor: 2.2297269794382832
Expanded 37426009 nodes in 407.157 seconds (91920.33785493065 nodes per second)
18, 17, 22, 21, 16, 17, 22, 23, 18, 17, 12, 13, 8, 3, 4, 9, 14, 13, 18, 19, 14, 13, 8, 9, 4, 5, 10, 9, 4, 3, 8, 9, 14, 19, 24, 25, 20, 19, 14, 13, 18, 23, 24, 19, 14, 15, 20, 19, 18, 13, 12, 7, 8, 13, 12, 7, 2, 1, 6, 11, 16, 17, 12, 11, 6, 7, 12, 17, 22, 21, 16, 11, 12, 17, 22, 23, 18, 17, 22, 23, 18, 17, 16, 11, 12, 17, 18, 13, 12, 17, 18, 19, 14, 15, 20, 19, 18, 23, 24, 25, 20, 19, 18, 13, 14, 9, 8, 13, 18, 23, 24, 19, 18, 23, 22, 17, 18, 23, 24, 19, 20, 15, 14, 9, 4, 3, 2, 1, 6, 11, 12, 17, 18, 19, 14, 9, 8, 3, 4, 9, 8, 13, 14, 9, 8, 13, 14, 9, 10, 15, 14, 19, 18, 13, 14, 9, 8, 7, 12, 17, 18, 19, 24, 25
